[Version]
Version=2




[Color]
BaseColorLight={
	(
	 R=0.920409
	 G=0.644938
	 B=0.125467
	 A=1.0
	)
}
BaseColorDark={
	(
	 R=0.027696
	 G=0.002595
	 B=0.00287
	 A=1.0
	)
}
ShallowWaterColor={
	(
	 R=0.060041
	 G=0.042704
	 B=0.299067
	 A=1.0
	)
}
Metalic=0.056303
Rougthness=0.339417
Specular=0.698171
Opacity=0.914286
BaseColorLerp=0.195239




[Waves]
WaveDirectionX=0.529951
WaveDirectionY=0.225593
WaveSpeed=0.948893
WaveAmplitude=44.714767
WaveFoamOffset=42.38575
WaveSteepness=0.452385
WaveLength=1172.855957




[Variability]
Randomize=true
MinWaveDirX=0.0
MinWaveDirY=0.0
MinWaveSpeed=0.7
MaxWaveDirX=1.0
MaxWaveDirY=1.0
MaxWaveSpeed=1.2
MinWaveAmplitude=0.0
MaxWaveAmplitude=0.7
MinWaveFoamOffset=0.85
MaxWaveFoamOffset=0.95
MinWaveSteepness=0.2
MaxWaveSteepness=1.0
MinWaveLenght=600.0
MaxWaveLenght=3000.0
BaseColorLightMinColor={
	(
	 R=0.979869
	 G=0.714886
	 B=0.14066
	 A=1.0
	)
}
BaseColorLightMaxColor={
	(
	 R=0.677083
	 G=0.391315
	 B=0.072254
	 A=1.0
	)
}
BaseColorDarkMinColor={
	(
	 R=0.00479
	 G=0.008957
	 B=0.027696
	 A=1.0
	)
}
BaseColorDarkMaxColor={
	(
	 R=0.027696
	 G=0.021389
	 B=0.004028
	 A=1.0
	)
}
ShallowWaterMinColor={
	(
	 R=0.230153
	 G=0.397813
	 B=0.40181
	 A=1.0
	)
}
ShallowWaterMaxColor={
	(
	 R=0.155207
	 G=0.25
	 B=0.224808
	 A=1.0
	)
}
MinMetallicColor=0.05
MaxMetallicColor=0.3
MinMaterialRoughness=0.0015
MaxMaterialRoughness=0.5
MinSpecularColor=0.4
MaxSpecularColor=1.0
BaseColorLerpMin=0.25
BaseColorLerpMax=0.7


