[Version]
Version=2




[Color]
BaseColorLight={
	(
	 R=0.605397
	 G=0.870978
	 B=0.979869
	 A=1.0
	)
}
BaseColorDark={
	(
	 R=0.057292
	 G=0.023113
	 B=0.030003
	 A=1.0
	)
}
ShallowWaterColor={
	(
	 R=0.62413
	 G=0.5946
	 B=0.311997
	 A=1.0
	)
}
Metalic=0.296855
Rougthness=0.242732
Specular=0.838144
Opacity=0.914286
baseColorLerp=0.5




[Waves]
WaveDirectionX=0.801804
WaveDirectionY=0.240812
WaveSpeed=0.751667
WaveAmplitude=486.74353
WaveFoamOffset=415.68689
WaveSteepness=0.501063
WaveLength=3000.629883




[Variability]
Randomize=true
MinWaveDirX=0.0
MinWaveDirY=0.0
MinWaveSpeed=0.7
MaxWaveDirX=1.0
MaxWaveDirY=1.0
MaxWaveSpeed=1.2
MinWaveAmplitude=0.0
MaxWaveAmplitude=0.2
MinWaveFoamOffset=0.98
MaxWaveFoamOffset=1.0
MinWaveSteepness=0.2
MaxWaveSteepness=1.0
MinWaveLenght=200.0
MaxWaveLenght=11000.0
BaseColorLightMinColor={
	(
	 R=0.605397
	 G=0.870978
	 B=0.979869
	 A=1.0
	)
}
BaseColorLightMaxColor={
	(
	 R=0.659526
	 G=0.816224
	 B=0.979869
	 A=1.0
	)
}
BaseColorDarkMinColor={
	(
	 R=0.057292
	 G=0.023113
	 B=0.030003
	 A=1.0
	)
}
BaseColorDarkMaxColor={
	(
	 R=0.015625
	 G=0.0091
	 B=0.007059
	 A=1.0
	)
}
ShallowWaterMinColor={
	(
	 R=0.62413
	 G=0.5946
	 B=0.311997
	 A=1.0
	)
}
ShallowWaterMaxColor={
	(
	 R=0.270833
	 G=0.263227
	 B=0.19043
	 A=1.0
	)
}
MinMetallicColor=0.05
MaxMetallicColor=0.3
MinMaterialRoughness=0.0015
MaxMaterialRoughness=0.5
MinSpecularColor=0.4
MaxSpecularColor=1.0


