[Version]
Version=2




[Color]
BaseColorLight={
	(
	 R=0.309462
	 G=0.439133
	 B=0.645833
	 A=1.0
	)
}
BaseColorDark={
	(
	 R=0.0
	 G=0.0
	 B=0.0
	 A=1.0
	)
}
ShallowWaterColor={
	(
	 R=0.26104
	 G=0.27689
	 B=0.299067
	 A=1.0
	)
}
Metalic=0.437256
Rougthness=0.091799
Specular=0.860076
Opacity=0.914286
BaseColorLerp=0.385716




[Waves]
WaveDirectionX=0.529951
WaveDirectionY=0.225593
WaveSpeed=0.948893
WaveAmplitude=44.714767
WaveFoamOffset=42.38575
WaveSteepness=0.452385
WaveLength=1172.855957




[Variability]
Randomize=true
MinWaveDirX=0.0
MinWaveDirY=0.0
MinWaveSpeed=0.7
MaxWaveDirX=1.0
MaxWaveDirY=1.0
MaxWaveSpeed=1.2
MinWaveAmplitude=0.2
MaxWaveAmplitude=1.0
MinWaveFoamOffset=0.85
MaxWaveFoamOffset=0.95
MinWaveSteepness=0.2
MaxWaveSteepness=1.0
MinWaveLenght=600.0
MaxWaveLenght=1500.0
BaseColorLightMinColor={
	(
	 R=0.309462
	 G=0.439133
	 B=0.645833
	 A=1.0
	)
}
BaseColorLightMaxColor={
	(
	 R=0.247549
	 G=0.297006
	 B=0.645833
	 A=1.0
	)
}
BaseColorDarkMinColor={
	(
	 R=0.000741
	 G=0.01101
	 B=0.03125
	 A=1.0
	)
}
BaseColorDarkMaxColor={
	(
	 R=0.00054
	 G=0.001567
	 B=0.03125
	 A=1.0
	)
}
ShallowWaterMinColor={
	(
	 R=0.26104
	 G=0.27689
	 B=0.299067
	 A=1.0
	)
}
ShallowWaterMaxColor={
	(
	 R=0.231028
	 G=0.280985
	 B=0.299067
	 A=1.0
	)
}
MinMetallicColor=0.05
MaxMetallicColor=0.3
MinMaterialRoughness=0.0015
MaxMaterialRoughness=0.5
MinSpecularColor=0.4
MaxSpecularColor=1.0
BaseColorLerpMin=0.25
BaseColorLerpMax=0.7


